"","Ambystoma altamirani","Ambystoma mexicanum","Ambystoma rivulare","Andrias japonicus","Aquiloeurycea cafetalera","Batrachoseps attenuatus","Batrachuperus tibetanus","Bolitoglossa franklini","Bolitoglossa lincolni","Chiropterotriton nubilus","Cryptobranchus alleganiensis","Cynops pyrrhogaster","Desmognathus monticola","Echinotriton andersoni","Ensatina eschscholtzii","Eurycea bislineata","Ichthyosaura alpestris","Lissotriton boscai","Lissotriton helveticus","Lissotriton vulgaris","Notophthalmus viridescens","Parvimolge townsendi","Plethodon cinereus","Plethodon glutinosus","Pseudoeurycea altamontana","Aquiloeurycea cephalica","Pseudoeurycea gadovii","Pseudoeurycea granitum","Pseudoeurycea leprosa","Pseudoeurycea longicauda","Pseudoeurycea lynchi","Pseudoeurycea melanomolga","Pseudoeurycea nigromaculata","Pseudoeurycea rex","Pseudoeurycea robertsi","Pseudoeurycea sp","Salamandra salamandra","Taricha granulosa","Taricha torosa","Triturus cristatus","Triturus marmoratus"
"Ambystoma altamirani",0,0.56713761143942,0.361635790638255,0.331602504299666,0.244774579741396,0.36740026005906,0.664318551141956,0.536942561295912,0.645274716828868,0.165756030859413,0.347906506311082,0.22347330963794,0.508315679777332,0.535585084000833,0.373627946378116,0.462056948966023,0.435495925804707,0.390101155305147,0.422527586878121,0.3318578621881,0.446487123808102,0.258503486305873,0.399595369554061,0.384822130378559,0.638826893768587,0.442887931793699,0.613449485125988,0.283738878765141,0.629397020279139,0.489558140333492,0.265505166693157,0.685579654372394,0.263171519004718,0.462822807766233,0.546562048317159,0.508022069958804,0.379470322000826,0.292079370081065,0.372061049654486,0.37660621676081,0.352542184979835
"Ambystoma mexicanum",0.56713761143942,0,0.665005207558399,0.371040437377071,0.606227814881483,0.526861323887705,0.71406302492777,0.638719956912996,0.622624588590851,0.6723599766146,0.471270386061031,0.464718972602991,0.720246562351826,0.449498179350309,0.517812933792618,0.686433614054793,0.447710223693732,0.45428189784782,0.367894722382483,0.368899055383461,0.668869665196357,0.656657670238889,0.626281580960035,0.54774350190696,0.556185437137818,0.646762811656429,0.592359956120174,0.549977709254375,0.611363451122193,0.626381606479088,0.644601080893542,0.638046326564595,0.617183299500741,0.587869615685084,0.551568762604989,0.583012537784979,0.467088285087709,0.467096783366536,0.567252521824968,0.360056403789373,0.537661973937771
"Ambystoma rivulare",0.361635790638255,0.665005207558399,0,0.298028955215949,0.157306388808416,0.315375071854229,0.598517456995428,0.465155366073625,0.495804067199453,0.197224047911743,0.577102710690903,0.287360394521456,0.319757189865573,0.526772157779844,0.31805422872807,0.283653057181266,0.314018952210825,0.328558570917956,0.321786445022372,0.294978707310428,0.261629628544979,0.169510484509637,0.16308774202941,0.313309951876384,0.57184056507021,0.377297440657738,0.568366645667488,0.207726427040372,0.568264691664528,0.453216220018288,0.153334009011986,0.64095597619624,0.232640955774471,0.374951094881857,0.474859981933153,0.470223659026505,0.336734467425595,0.348468952632949,0.244851845411181,0.301510158833557,0.302710826130997
"Andrias japonicus",0.331602504299666,0.371040437377071,0.298028955215949,0,0.310116358473555,0.309166505158972,0.635932412516709,0.493333478218349,0.589737236692027,0.329197461663716,0.489450886888088,0.197242000554058,0.387789900318206,0.349878245344612,0.308923019475268,0.337739986361616,0.158191680391669,0.300858230122671,0.132666867257413,0.0695131298292905,0.322739907446379,0.32340236551386,0.272984058611247,0.33990223492004,0.623280428660031,0.423477624362021,0.597674255237519,0.315632110419526,0.594273355407966,0.463236406371813,0.310144825623907,0.673117957253462,0.376193262559559,0.434256608180875,0.519869290416622,0.463613101972971,0.280645025967161,0.288379300065549,0.25947473533932,0.101229337925979,0.278153377636771
"Aquiloeurycea cafetalera",0.244774579741396,0.606227814881483,0.157306388808416,0.310116358473555,0,0.267763167449811,0.596729337742865,0.459101743297483,0.506000836198208,0.186267473095059,0.454836858459009,0.251319185375775,0.402562763393544,0.520378036082485,0.28314477401386,0.352160397766519,0.354870974222232,0.294817297202598,0.383096209761611,0.273285143915335,0.348267860705251,0.173579875733778,0.22087564937362,0.258225330493592,0.553275683368656,0.364613317538931,0.549590121663937,0.157800802556787,0.554378872767059,0.371974783546888,0.125561324302168,0.606675690035268,0.118512868906498,0.335602704502576,0.414230923287115,0.437763331465656,0.281284882999739,0.307200180402345,0.208576975720896,0.305334131805055,0.269918653344739
"Batrachoseps attenuatus",0.36740026005906,0.526861323887705,0.315375071854229,0.309166505158972,0.267763167449811,0,0.545354994642033,0.400569874851013,0.455719998632806,0.417513451777139,0.599054993612319,0.294579667101623,0.443805670169467,0.371470334658648,0.0540549087446817,0.398635073878659,0.347000609966694,0.256605132251887,0.358950714842853,0.305312553657314,0.439726796869213,0.401026691334831,0.276908865834271,0.189676534265075,0.485949922590708,0.259010609821106,0.430218971784663,0.172303061520136,0.501272113847426,0.357799904222204,0.302982010756547,0.500428845502765,0.245476659882981,0.276524859276939,0.30929789326994,0.385912619151512,0.140195124754247,0.340186214441399,0.0836337491109956,0.349745608341534,0.215308105855615
"Batrachuperus tibetanus",0.664318551141956,0.71406302492777,0.598517456995428,0.635932412516709,0.596729337742865,0.545354994642033,0,0.608176571655139,0.509919126287413,0.685929856562474,0.745666003822715,0.622933915174702,0.713201455799637,0.671352901350113,0.529622534339583,0.684107416785259,0.645860968442663,0.546343865626747,0.670971519656479,0.632280790036483,0.691476144789258,0.690803746368932,0.602630678415604,0.528283515507555,0.671095533094229,0.609507605679448,0.646869495248244,0.541444516896168,0.639464222642842,0.576385950063479,0.651114054263937,0.718285768585094,0.562674854998294,0.580723478127182,0.579102174646801,0.567908417821869,0.540213801325021,0.637937479972941,0.562987036234104,0.666110250148399,0.582752499543164
"Bolitoglossa franklini",0.536942561295912,0.638719956912996,0.465155366073625,0.493333478218349,0.459101743297483,0.400569874851013,0.608176571655139,0,0.433260456003861,0.482497152465151,0.644953884916639,0.44294523075458,0.514727633193819,0.519677574159114,0.418421740013737,0.486075122482308,0.491478856414749,0.373792971794913,0.542610682515436,0.462153736528013,0.509884495779653,0.484536337442962,0.417681673021563,0.317842494047939,0.378799524841031,0.307844253239144,0.411372950819672,0.446587807097361,0.245042222307134,0.301583605030275,0.457714751835352,0.481483476527781,0.398420674802584,0.230992954284778,0.333733781835656,0.144810001062436,0.4059413311001,0.468034937751827,0.405922522579224,0.496489783485086,0.389020997497707
"Bolitoglossa lincolni",0.645274716828868,0.622624588590851,0.495804067199453,0.589737236692027,0.506000836198208,0.455719998632806,0.509919126287413,0.433260456003861,0,0.60465353607511,0.627973207458139,0.564395785684826,0.64004810212451,0.653119248665538,0.438509593874724,0.610772172646148,0.60864336095002,0.46182136066126,0.63832639525859,0.555773465648342,0.626021347975262,0.605278378229921,0.511912520049262,0.394118191256437,0.478422535211268,0.512154791908362,0.478296562339661,0.436265281319258,0.511611515288955,0.503817029825375,0.568396218676274,0.553847153344739,0.43527090819418,0.384493051379028,0.398127735710406,0.40426526548052,0.465010978287387,0.580251606429632,0.462928022275581,0.615273141577885,0.520323414105354
"Chiropterotriton nubilus",0.165756030859413,0.6723599766146,0.197224047911743,0.329197461663716,0.186267473095059,0.417513451777139,0.685929856562474,0.482497152465151,0.60465353607511,0,0.445103532547619,0.295415683962264,0.372620647495724,0.55394912458798,0.424016625326,0.33531016486775,0.342935157358767,0.412315161539816,0.372175064716152,0.318649800626381,0.313412995766592,0.121154242635246,0.263361618199681,0.393842130528836,0.593103724148966,0.403771328932619,0.582717592815203,0.307789123049407,0.581316302855986,0.454873520941046,0.132230873343127,0.648706444062551,0.260670688929423,0.442972087330727,0.525306775742486,0.485611936021207,0.425954669468894,0.368605869733398,0.349710843680906,0.333504922716011,0.352733055826516
"Cryptobranchus alleganiensis",0.347906506311082,0.471270386061031,0.577102710690903,0.489450886888088,0.454836858459009,0.599054993612319,0.745666003822715,0.644953884916639,0.627973207458139,0.445103532547619,0,0.361929145902687,0.723333079277391,0.653599402859636,0.594023116639507,0.67663501115322,0.599439702405845,0.480819264176446,0.580753673451173,0.489390928896728,0.64517637164101,0.449344602196663,0.627534370818881,0.566583780555798,0.585386690834411,0.664130039669369,0.590999646645407,0.522409758173179,0.696403128659673,0.653454963433119,0.465228079559484,0.606812863766716,0.431593737875785,0.568138170442771,0.589305060769926,0.586954847492248,0.498958310180891,0.387193983299571,0.627957349267263,0.531575025451035,0.562523393745645
"Cynops pyrrhogaster",0.22347330963794,0.464718972602991,0.287360394521456,0.197242000554058,0.251319185375775,0.294579667101623,0.622933915174702,0.44294523075458,0.564395785684826,0.295415683962264,0.361929145902687,0,0.45189313030158,0.385791732010795,0.2904008449736,0.399107715060389,0.274143754504207,0.230380591714287,0.300863166770252,0.169594082626736,0.376682666515747,0.292263162833824,0.317614376804166,0.286377651391645,0.549230009428456,0.360126732106384,0.520328274565563,0.232058054259193,0.546125420071676,0.394186180201587,0.273690747404206,0.61276952917743,0.239208119359446,0.379519667853967,0.456562553336747,0.398182003841003,0.223881987252614,0.137024387506969,0.313086403991723,0.205789859360746,0.225553936012919
"Desmognathus monticola",0.508315679777332,0.720246562351826,0.319757189865573,0.387789900318206,0.402562763393544,0.443805670169467,0.713201455799637,0.514727633193819,0.64004810212451,0.372620647495724,0.723333079277391,0.45189313030158,0,0.546402471921134,0.453093540383081,0.0571718432189014,0.36290289175965,0.487541490338926,0.347791524836428,0.388714731021907,0.0760621331669354,0.277558719899143,0.224154134079132,0.435275253602376,0.614390502007741,0.429402287390453,0.57494538863154,0.450835541763357,0.578360056181678,0.507967659688674,0.353225073651064,0.664432707862445,0.462024594836713,0.49689549147463,0.559229076404649,0.536553745268239,0.473499640679614,0.511929434775289,0.379565723203721,0.363939664857819,0.400659788517344
"Echinotriton andersoni",0.535585084000833,0.449498179350309,0.526772157779844,0.349878245344612,0.520378036082485,0.371470334658648,0.671352901350113,0.519677574159114,0.653119248665538,0.55394912458798,0.653599402859636,0.385791732010795,0.546402471921134,0,0.356914718618085,0.51605899282231,0.249112160389901,0.385786598103808,0.293915426906046,0.324503681283245,0.544112552529455,0.543327974539422,0.487947818855842,0.405848565441097,0.594087256027555,0.387072689933987,0.515876106704012,0.4776123981336,0.584468150187962,0.487659786743157,0.493265947882215,0.600670925536754,0.494065440871736,0.485073825060784,0.483920987275663,0.531109911335432,0.34141001050174,0.409086060544765,0.410389223895547,0.330989519686797,0.382471528202845
"Ensatina eschscholtzii",0.373627946378116,0.517812933792618,0.31805422872807,0.308923019475268,0.28314477401386,0.0540549087446817,0.529622534339583,0.418421740013737,0.438509593874724,0.424016625326,0.594023116639507,0.2904008449736,0.453093540383081,0.356914718618085,0,0.404252489150117,0.350834837906895,0.257119472258468,0.343927880544162,0.30427654480325,0.441221509462218,0.405307245133517,0.284797885228622,0.202913125450188,0.50623973479997,0.283444681749766,0.432763165273961,0.181565368893654,0.53186930797912,0.381038678610262,0.304911873789319,0.507488532472134,0.25117379827385,0.297663970451135,0.320401458689943,0.405683797457442,0.154186752937534,0.33709037464221,0.0973944213000904,0.347794276683106,0.209356259721144
"Eurycea bislineata",0.462056948966023,0.686433614054793,0.283653057181266,0.337739986361616,0.352160397766519,0.398635073878659,0.684107416785259,0.486075122482308,0.610772172646148,0.33531016486775,0.67663501115322,0.399107715060389,0.0571718432189014,0.51605899282231,0.404252489150117,0,0.323645296394635,0.435272320967979,0.314945984030061,0.337462401807382,0.0514998500259444,0.235758822779641,0.171032155205451,0.379562749903263,0.579196914092845,0.398449560708868,0.562919592112652,0.395204009948926,0.577150533230673,0.469961217807297,0.311424982157107,0.635584527832303,0.419063526320728,0.448867855765828,0.519676229020355,0.486852417760201,0.419096255029403,0.456646151474782,0.33127029267393,0.332881259708413,0.349378912078755
"Ichthyosaura alpestris",0.435495925804707,0.447710223693732,0.314018952210825,0.158191680391669,0.354870974222232,0.347000609966694,0.645860968442663,0.491478856414749,0.60864336095002,0.342935157358767,0.599439702405845,0.274143754504207,0.36290289175965,0.249112160389901,0.350834837906895,0.323645296394635,0,0.34431488053633,0.12002847546039,0.152867670070094,0.336815691503632,0.336012812126897,0.275168037275744,0.370753529380746,0.59506302797442,0.409588672070135,0.553935802746497,0.368566490533895,0.58065144259866,0.454839101396478,0.32763501656172,0.651524788681121,0.432058849440578,0.479994607443382,0.509426678621239,0.479996957355077,0.308757731259679,0.342701625548049,0.298632920129646,0.132211870758976,0.306059185129106
"Lissotriton boscai",0.390101155305147,0.45428189784782,0.328558570917956,0.300858230122671,0.294817297202598,0.256605132251887,0.546343865626747,0.373792971794913,0.46182136066126,0.412315161539816,0.480819264176446,0.230380591714287,0.487541490338926,0.385786598103808,0.257119472258468,0.435272320967979,0.34431488053633,0,0.385251004657326,0.244197680571951,0.426829065541446,0.402694178496342,0.305046039840053,0.185035201058054,0.479327596557935,0.334339006803422,0.430432534895744,0.2504853127241,0.480042014871732,0.343100258971513,0.339890411963287,0.543165128308503,0.246868107332783,0.253193655355621,0.337124070596632,0.341300457138658,0.139959683527342,0.220165751143606,0.288228084330597,0.285866588265853,0.174558921049436
"Lissotriton helveticus",0.422527586878121,0.367894722382483,0.321786445022372,0.132666867257413,0.383096209761611,0.358950714842853,0.670971519656479,0.542610682515436,0.63832639525859,0.372175064716152,0.580753673451173,0.300863166770252,0.347791524836428,0.293915426906046,0.343927880544162,0.314945984030061,0.12002847546039,0.385251004657326,0,0.156346775510204,0.321660030022202,0.340595032143696,0.274830186544595,0.404585988620073,0.657651101195447,0.465557899962765,0.609289495929172,0.399230812106348,0.613443820819655,0.507401462457642,0.35619727449708,0.708781943183292,0.458722448035425,0.507293155596637,0.56954238982025,0.510441385856668,0.357616424580053,0.36831082222448,0.31690781601355,0.14772793761119,0.345928274485473
"Lissotriton vulgaris",0.3318578621881,0.368899055383461,0.294978707310428,0.0695131298292905,0.273285143915335,0.305312553657314,0.632280790036483,0.462153736528013,0.555773465648342,0.318649800626381,0.489390928896728,0.169594082626736,0.388714731021907,0.324503681283245,0.30427654480325,0.337462401807382,0.152867670070094,0.244197680571951,0.156346775510204,0,0.315977832785677,0.31285681729817,0.277348980831997,0.300459848506978,0.587859297018869,0.390784205723493,0.544639644350537,0.281713100634493,0.553393870048213,0.435974341655887,0.29856645187557,0.636307171528172,0.330269850691749,0.398859200821417,0.493109191010796,0.422868397072224,0.261773833899301,0.238034062493283,0.252334686251216,0.0851218474503074,0.243660954756042
"Notophthalmus viridescens",0.446487123808102,0.668869665196357,0.261629628544979,0.322739907446379,0.348267860705251,0.439726796869213,0.691476144789258,0.509884495779653,0.626021347975262,0.313412995766592,0.64517637164101,0.376682666515747,0.0760621331669354,0.544112552529455,0.441221509462218,0.0514998500259444,0.336815691503632,0.426829065541446,0.321660030022202,0.315977832785677,0,0.223556041787758,0.192990192164164,0.406497240267434,0.615896773037619,0.430076093990583,0.572751575982169,0.394849187654037,0.579102665471985,0.496069985345708,0.302711963646154,0.665634212785013,0.409316190202557,0.460442494330882,0.561029177477355,0.502886503176471,0.440376869910016,0.43951903903305,0.37841043890866,0.304799480126385,0.358302780099635
"Parvimolge townsendi",0.258503486305873,0.656657670238889,0.169510484509637,0.32340236551386,0.173579875733778,0.401026691334831,0.690803746368932,0.484536337442962,0.605278378229921,0.121154242635246,0.449344602196663,0.292263162833824,0.277558719899143,0.543327974539422,0.405307245133517,0.235758822779641,0.336012812126897,0.402694178496342,0.340595032143696,0.31285681729817,0.223556041787758,0,0.166980840887855,0.38559185451814,0.595605939766815,0.411741325171907,0.585964912280702,0.292967443265817,0.592251433824399,0.460523366950102,0.125209590878605,0.647534834818871,0.253091832271966,0.438410239881689,0.518707689813126,0.496528855420703,0.418117158836382,0.354838871125052,0.33300059944323,0.328216895446452,0.342110528044991
"Plethodon cinereus",0.399595369554061,0.626281580960035,0.16308774202941,0.272984058611247,0.22087564937362,0.276908865834271,0.602630678415604,0.417681673021563,0.511912520049262,0.263361618199681,0.627534370818881,0.317614376804166,0.224154134079132,0.487947818855842,0.284797885228622,0.171032155205451,0.275168037275744,0.305046039840053,0.274830186544595,0.277348980831997,0.192990192164164,0.166980840887855,0,0.239394732492793,0.520977585161225,0.336812547641544,0.512462706819097,0.268308777919044,0.535767631426858,0.363513388709914,0.209066812615915,0.597725821221011,0.287591761162373,0.307736076409498,0.390110472281551,0.39391989382186,0.286766054891547,0.388101174976767,0.209854660982342,0.274146433409476,0.243110483928957
"Plethodon glutinosus",0.384822130378559,0.54774350190696,0.313309951876384,0.33990223492004,0.258225330493592,0.189676534265075,0.528283515507555,0.317842494047939,0.394118191256437,0.393842130528836,0.566583780555798,0.286377651391645,0.435275253602376,0.405848565441097,0.202913125450188,0.379562749903263,0.370753529380746,0.185035201058054,0.404585988620073,0.300459848506978,0.406497240267434,0.38559185451814,0.239394732492793,0,0.447812552218392,0.234978554548633,0.408658420162678,0.224286631608547,0.456114703420926,0.285121773002297,0.302869360770796,0.47867798092067,0.191501174637768,0.162654523782621,0.284459127012019,0.277097748458848,0.138068430117478,0.311340928083935,0.225701013443652,0.332280419298952,0.174689442104796
"Pseudoeurycea altamontana",0.638826893768587,0.556185437137818,0.57184056507021,0.623280428660031,0.553275683368656,0.485949922590708,0.671095533094229,0.378799524841031,0.478422535211268,0.593103724148966,0.585386690834411,0.549230009428456,0.614390502007741,0.594087256027555,0.50623973479997,0.579196914092845,0.59506302797442,0.479327596557935,0.657651101195447,0.587859297018869,0.615896773037619,0.595605939766815,0.520977585161225,0.447812552218392,0,0.314993791737978,0.26386732800727,0.533506757903071,0.357506320861227,0.339544995729482,0.548108530369476,0.237024614859871,0.510555277638819,0.420593690220716,0.257833373815885,0.407658949590437,0.487814380833309,0.566087370311788,0.498508593204117,0.610012505160623,0.473702623906706
"Aquiloeurycea cephalica",0.442887931793699,0.646762811656429,0.377297440657738,0.423477624362021,0.364613317538931,0.259010609821106,0.609507605679448,0.307844253239144,0.512154791908362,0.403771328932619,0.664130039669369,0.360126732106384,0.429402287390453,0.387072689933987,0.283444681749766,0.398449560708868,0.409588672070135,0.334339006803422,0.465557899962765,0.390784205723493,0.430076093990583,0.411741325171907,0.336812547641544,0.234978554548633,0.314993791737978,0,0.285714285714286,0.356108470785574,0.353276197754608,0.220078207798852,0.323292280772596,0.352332874013213,0.322498554077501,0.27205055580068,0.247796815310715,0.33977265839803,0.26855940060641,0.367854864754593,0.29084658233724,0.411751498818335,0.26352300100228
"Pseudoeurycea gadovii",0.613449485125988,0.592359956120174,0.568366645667488,0.597674255237519,0.549590121663937,0.430218971784663,0.646869495248244,0.411372950819672,0.478296562339661,0.582717592815203,0.590999646645407,0.520328274565563,0.57494538863154,0.515876106704012,0.432763165273961,0.562919592112652,0.553935802746497,0.430432534895744,0.609289495929172,0.544639644350537,0.572751575982169,0.585964912280702,0.512462706819097,0.408658420162678,0.26386732800727,0.285714285714286,0,0.528303590237443,0.343835243325867,0.382765288856659,0.462615404620519,0.21657680577037,0.485998578535892,0.398199132953915,0.215561971713114,0.412426387877986,0.408153006899054,0.524443856660894,0.46777896831471,0.543086436099573,0.369805575982764
"Pseudoeurycea granitum",0.283738878765141,0.549977709254375,0.207726427040372,0.315632110419526,0.157800802556787,0.172303061520136,0.541444516896168,0.446587807097361,0.436265281319258,0.307789123049407,0.522409758173179,0.232058054259193,0.450835541763357,0.4776123981336,0.181565368893654,0.395204009948926,0.368566490533895,0.2504853127241,0.399230812106348,0.281713100634493,0.394849187654037,0.292967443265817,0.268308777919044,0.224286631608547,0.533506757903071,0.356108470785574,0.528303590237443,0,0.536099600669521,0.384270975277399,0.248811306524424,0.564520731359336,0.166734216679657,0.317995865042009,0.400599400599401,0.418651449166541,0.213384005952022,0.273960362011685,0.179204939672289,0.326227027204384,0.24572572088588
"Pseudoeurycea leprosa",0.629397020279139,0.611363451122193,0.568264691664528,0.594273355407966,0.554378872767059,0.501272113847426,0.639464222642842,0.245042222307134,0.511611515288955,0.581316302855986,0.696403128659673,0.546125420071676,0.578360056181678,0.584468150187962,0.53186930797912,0.577150533230673,0.58065144259866,0.480042014871732,0.613443820819655,0.553393870048213,0.579102665471985,0.592251433824399,0.535767631426858,0.456114703420926,0.357506320861227,0.353276197754608,0.343835243325867,0.536099600669521,0,0.355594314265733,0.564360945941997,0.438996579247435,0.509926912757887,0.387782948393212,0.369289373440168,0.265829335074983,0.506701398330241,0.559311321016551,0.518846909976176,0.533747133077747,0.495372177576757
"Pseudoeurycea longicauda",0.489558140333492,0.626381606479088,0.453216220018288,0.463236406371813,0.371974783546888,0.357799904222204,0.576385950063479,0.301583605030275,0.503817029825375,0.454873520941046,0.653454963433119,0.394186180201587,0.507967659688674,0.487659786743157,0.381038678610262,0.469961217807297,0.454839101396478,0.343100258971513,0.507401462457642,0.435974341655887,0.496069985345708,0.460523366950102,0.363513388709914,0.285121773002297,0.339544995729482,0.220078207798852,0.382765288856659,0.384270975277399,0.355594314265733,0,0.427959235600552,0.43253152105875,0.355887993862677,0.29526891662814,0.285488958990536,0.30369121085515,0.352810108915086,0.413220259559172,0.375298815512145,0.464595645134104,0.34300940960946
"Pseudoeurycea lynchi",0.265505166693157,0.644601080893542,0.153334009011986,0.310144825623907,0.125561324302168,0.302982010756547,0.651114054263937,0.457714751835352,0.568396218676274,0.132230873343127,0.465228079559484,0.273690747404206,0.353225073651064,0.493265947882215,0.304911873789319,0.311424982157107,0.32763501656172,0.339890411963287,0.35619727449708,0.29856645187557,0.302711963646154,0.125209590878605,0.209066812615915,0.302869360770796,0.548108530369476,0.323292280772596,0.462615404620519,0.248811306524424,0.564360945941997,0.427959235600552,0,0.533490838262877,0.186604007994382,0.344970812001302,0.393175420528665,0.452252102929598,0.326223697363402,0.338365992144132,0.250078309704396,0.314278708650637,0.240548677865617
"Pseudoeurycea melanomolga",0.685579654372394,0.638046326564595,0.64095597619624,0.673117957253462,0.606675690035268,0.500428845502765,0.718285768585094,0.481483476527781,0.553847153344739,0.648706444062551,0.606812863766716,0.61276952917743,0.664432707862445,0.600670925536754,0.507488532472134,0.635584527832303,0.651524788681121,0.543165128308503,0.708781943183292,0.636307171528172,0.665634212785013,0.647534834818871,0.597725821221011,0.47867798092067,0.237024614859871,0.352332874013213,0.21657680577037,0.564520731359336,0.438996579247435,0.43253152105875,0.533490838262877,0,0.563815320857346,0.471770601126996,0.285674392627758,0.510441369058153,0.502601890951734,0.620308769943935,0.528818217242393,0.657499550820983,0.474395064799008
"Pseudoeurycea nigromaculata",0.263171519004718,0.617183299500741,0.232640955774471,0.376193262559559,0.118512868906498,0.245476659882981,0.562674854998294,0.398420674802584,0.43527090819418,0.260670688929423,0.431593737875785,0.239208119359446,0.462024594836713,0.494065440871736,0.25117379827385,0.419063526320728,0.432058849440578,0.246868107332783,0.458722448035425,0.330269850691749,0.409316190202557,0.253091832271966,0.287591761162373,0.191501174637768,0.510555277638819,0.322498554077501,0.485998578535892,0.166734216679657,0.509926912757887,0.355887993862677,0.186604007994382,0.563815320857346,0,0.263367729831144,0.367296340023613,0.377954202091418,0.240558523844519,0.294448340927705,0.262830814000485,0.377062061312024,0.267945503508842
"Pseudoeurycea rex",0.462822807766233,0.587869615685084,0.374951094881857,0.434256608180875,0.335602704502576,0.276524859276939,0.580723478127182,0.230992954284778,0.384493051379028,0.442972087330727,0.568138170442771,0.379519667853967,0.49689549147463,0.485073825060784,0.297663970451135,0.448867855765828,0.479994607443382,0.253193655355621,0.507293155596637,0.398859200821417,0.460442494330882,0.438410239881689,0.307736076409498,0.162654523782621,0.420593690220716,0.27205055580068,0.398199132953915,0.317995865042009,0.387782948393212,0.29526891662814,0.344970812001302,0.471770601126996,0.263367729831144,0,0.270653625846182,0.183982110011941,0.252611881239245,0.393004345605957,0.290247630693977,0.433928146932859,0.276378431597504
"Pseudoeurycea robertsi",0.546562048317159,0.551568762604989,0.474859981933153,0.519869290416622,0.414230923287115,0.30929789326994,0.579102174646801,0.333733781835656,0.398127735710406,0.525306775742486,0.589305060769926,0.456562553336747,0.559229076404649,0.483920987275663,0.320401458689943,0.519676229020355,0.509426678621239,0.337124070596632,0.56954238982025,0.493109191010796,0.561029177477355,0.518707689813126,0.390110472281551,0.284459127012019,0.257833373815885,0.247796815310715,0.215561971713114,0.400599400599401,0.369289373440168,0.285488958990536,0.393175420528665,0.285674392627758,0.367296340023613,0.270653625846182,0,0.33699648179626,0.305183402871989,0.476576772382032,0.336699498876793,0.519057642742033,0.310223909957065
"Pseudoeurycea sp",0.508022069958804,0.583012537784979,0.470223659026505,0.463613101972971,0.437763331465656,0.385912619151512,0.567908417821869,0.144810001062436,0.40426526548052,0.485611936021207,0.586954847492248,0.398182003841003,0.536553745268239,0.531109911335432,0.405683797457442,0.486852417760201,0.479996957355077,0.341300457138658,0.510441385856668,0.422868397072224,0.502886503176471,0.496528855420703,0.39391989382186,0.277097748458848,0.407658949590437,0.33977265839803,0.412426387877986,0.418651449166541,0.265829335074983,0.30369121085515,0.452252102929598,0.510441369058153,0.377954202091418,0.183982110011941,0.33699648179626,0,0.363361251640936,0.426203859303471,0.400942107641251,0.467157032865737,0.352048745210875
"Salamandra salamandra",0.379470322000826,0.467088285087709,0.336734467425595,0.280645025967161,0.281284882999739,0.140195124754247,0.540213801325021,0.4059413311001,0.465010978287387,0.425954669468894,0.498958310180891,0.223881987252614,0.473499640679614,0.34141001050174,0.154186752937534,0.419096255029403,0.308757731259679,0.139959683527342,0.357616424580053,0.261773833899301,0.440376869910016,0.418117158836382,0.286766054891547,0.138068430117478,0.487814380833309,0.26855940060641,0.408153006899054,0.213384005952022,0.506701398330241,0.352810108915086,0.326223697363402,0.502601890951734,0.240558523844519,0.252611881239245,0.305183402871989,0.363361251640936,0,0.234788504838751,0.18306358490002,0.283675655769263,0.177752662762423
"Taricha granulosa",0.292079370081065,0.467096783366536,0.348468952632949,0.288379300065549,0.307200180402345,0.340186214441399,0.637937479972941,0.468034937751827,0.580251606429632,0.368605869733398,0.387193983299571,0.137024387506969,0.511929434775289,0.409086060544765,0.33709037464221,0.456646151474782,0.342701625548049,0.220165751143606,0.36831082222448,0.238034062493283,0.43951903903305,0.354838871125052,0.388101174976767,0.311340928083935,0.566087370311788,0.367854864754593,0.524443856660894,0.273960362011685,0.559311321016551,0.413220259559172,0.338365992144132,0.620308769943935,0.294448340927705,0.393004345605957,0.476576772382032,0.426203859303471,0.234788504838751,0,0.367301660987974,0.283328217879204,0.292445227430328
"Taricha torosa",0.372061049654486,0.567252521824968,0.244851845411181,0.25947473533932,0.208576975720896,0.0836337491109956,0.562987036234104,0.405922522579224,0.462928022275581,0.349710843680906,0.627957349267263,0.313086403991723,0.379565723203721,0.410389223895547,0.0973944213000904,0.33127029267393,0.298632920129646,0.288228084330597,0.31690781601355,0.252334686251216,0.37841043890866,0.33300059944323,0.209854660982342,0.225701013443652,0.498508593204117,0.29084658233724,0.46777896831471,0.179204939672289,0.518846909976176,0.375298815512145,0.250078309704396,0.528818217242393,0.262830814000485,0.290247630693977,0.336699498876793,0.400942107641251,0.18306358490002,0.367301660987974,0,0.294689215512913,0.219571947234717
"Triturus cristatus",0.37660621676081,0.360056403789373,0.301510158833557,0.101229337925979,0.305334131805055,0.349745608341534,0.666110250148399,0.496489783485086,0.615273141577885,0.333504922716011,0.531575025451035,0.205789859360746,0.363939664857819,0.330989519686797,0.347794276683106,0.332881259708413,0.132211870758976,0.285866588265853,0.14772793761119,0.0851218474503074,0.304799480126385,0.328216895446452,0.274146433409476,0.332280419298952,0.610012505160623,0.411751498818335,0.543086436099573,0.326227027204384,0.533747133077747,0.464595645134104,0.314278708650637,0.657499550820983,0.377062061312024,0.433928146932859,0.519057642742033,0.467157032865737,0.283675655769263,0.283328217879204,0.294689215512913,0,0.254943233357513
"Triturus marmoratus",0.352542184979835,0.537661973937771,0.302710826130997,0.278153377636771,0.269918653344739,0.215308105855615,0.582752499543164,0.389020997497707,0.520323414105354,0.352733055826516,0.562523393745645,0.225553936012919,0.400659788517344,0.382471528202845,0.209356259721144,0.349378912078755,0.306059185129106,0.174558921049436,0.345928274485473,0.243660954756042,0.358302780099635,0.342110528044991,0.243110483928957,0.174689442104796,0.473702623906706,0.26352300100228,0.369805575982764,0.24572572088588,0.495372177576757,0.34300940960946,0.240548677865617,0.474395064799008,0.267945503508842,0.276378431597504,0.310223909957065,0.352048745210875,0.177752662762423,0.292445227430328,0.219571947234717,0.254943233357513,0
